835778596595
835780691507
835780693619
835780693683
844370626675
844370627683
844370630755
852692127347
852824246515
852824250595
852825820387
852826341427
852826343531
852826343539
852826343603
852826344547
852826345315
852826345507
852826347619
852826347683
852893452387
852954269819
852956366907
852958464115
852958465267
852958468339
852960036979
852960038131
852960300211
852960560179
852960560755
852960561203
852960561267
852960561271
852960561275
852960561779
852960562279
852960562291
852960562355
852960562419
852960562787
852960562811
852960562931
852960563059
852960563251
852960564835
852960565351
852960565363
852960565427
852960565859
852960567011
852960594035
852960595043
852960598115
852960824371
852960824947
852960829027
852977340019
853027670131
853027933795
854034304627
921677942515
921680037427
921680039539
921680039603
