303204225203
303204747379
303204747385
303204747443
303204747449
303204749427
303204749491
303204749497
303204751459
303204751523
303204876347
303204880427
371923701939
577948436723
577948438771
578080557299
578080559347
578080561379
578082394291
578082654323
578082654387
578082656371
578082656435
578082658547
578082785403
578082787451
824909054067
825043275891
825043275955
827051819251
827051821283
827051823331
827056013427
827056013491
827056013553
827056013555
827056145651
827056537843
827056539875
827056539889
827056541923
827056541937
827056668787
827056669939
827056671971
827056672867
827056674019
827057717491
827057721571
827123646705
827183939827
827183943907
827186036851
827186036857
827186036858
827186036915
827186039027
827186039033
827186039539
827186040931
827186040995
827186041075
827186041081
827186041587
827186043107
827186167931
827186172011
827186563827
827186565875
827186567907
827188658419
827188662499
827188662513
827188790515
827188794595
827190235251
827190235315
827190235377
827190235379
827190367475
827190755443
827190755449
827190755450
827190755507
827190757619
827190757621
827190757625
827190758003
827190758067
827190758129
827190758131
827190758641
827190758642
827190759523
827190759537
827190759538
827190759587
827190759601
827190759602
827190759667
827190759669
827190759673
827190760051
827190760115
827190760177
827190760179
827190760689
827190760690
827190761699
827190761701
827190761713
827190790385
827190792433
827190886519
827190886523
827190887027
827190887219
827190887539
827190887545
827190887546
827190887603
827190889715
827190889721
827190890227
827190890599
827190890603
827190890611
827190890617
827190890675
827190891107
827190891123
827190891619
827190891683
827190891763
827190891769
827190892275
827190893795
827190919283
827190923363
827191808241
827191808242
827191939315
827191939321
827191939827
827207537265
827224313971
827224314035
827257868529
827593408627
827593410659
827593412707
827725529203
827725533283
827727106227
827727626291
827727628403
827727628409
827727628467
827727628915
827727630371
827727630451
827727630515
827727630963
827727632483
827727632547
835775971451
835775971515
835775973491
835775973555
835775974643
835775975539
835775975603
835775976691
835776102459
835776103547
835776103611
835777022195
835777024243
835777151099
835777151163
835780100147
835780165747
835780165811
835780178099
835780297843
835780297907
835780690043
835780690107
835780692083
835780692147
835780693235
835780694131
835780694195
835780695283
835780821051
835780822139
835780822203
835780824179
835780824243
835780825139
835780826227
835780826291
835781740787
835781742835
835781869691
835781869755
835781872883
835781873779
835781873843
835781874931
835843080307
835843080371
835847798899
835847798963
835847930995
835847931059
836312842299
836317036595
836317560891
836317562931
836317564019
836317564083
836317564979
836317566131
836317692987
836318611571
836318611635
836318613683
836318740539
836384669747
842223145075
842223147251
842223407219
844102193265
844102193266
844102195441
844102324339
844235882611
844235884787
844235886835
844236013939
844236144755
844236148835
844236392689
844236394737
844236406899
844236407153
844236407154
844236408931
844236409075
844236409329
844236410979
844236411123
844236411377
844236413155
844236521587
844236525667
844236538227
844236540259
844236542307
844365906035
844365908211
844365910115
844365910259
844365912291
844366168179
844366170355
844366172259
844366172403
844366174435
844366430323
844366432355
844366432499
844366434403
844366434547
844366436579
844368007411
844368515313
844368527475
844368527729
844368527730
844368529651
844368529905
844368531555
844368531699
844368531809
844368531810
844368531953
844368533731
844368533985
844368658803
844368662883
844370104435
844370104499
844370104561
844370104562
844370106611
844370235515
844370235635
844370235763
844370235827
844370366579
844370366643
844370366705
844370366707
844370366897
844370367091
844370498803
844370612337
844370612338
844370612401
844370612402
844370614513
844370624563
844370624625
844370624626
844370624627
844370624817
844370624818
844370626675
844370626681
844370626682
844370626739
844370626801
844370626802
844370626803
844370626929
844370626930
844370626993
844370626994
844370627187
844370627825
844370627826
844370628643
844370628705
844370628706
844370628707
844370628721
844370628722
844370628723
844370628729
844370628730
844370628787
844370628849
844370628850
844370628851
844370628977
844370628978
844370629041
844370629042
844370629235
844370629873
844370629874
844370630755
844370630819
844370630881
844370630882
844370630883
844370630897
844370630898
844370630899
844370630905
844370631153
844370631411
844370743411
844370743417
844370743475
844370743923
844370755699
844370755891
844370756723
844370757755
844370757875
844370758003
844370758009
844370758067
844370758515
844370758899
844370759779
844370759795
844370759803
844370759923
844370759971
844370760051
844370760057
844370760115
844370760563
844370760803
844370760947
844370761835
844370761955
844370761971
844370762083
844370762147
844370762979
844370886771
844370888947
844370889331
844370889585
844370889969
844370889970
844370890851
844370890865
844370890866
844370890995
844370891379
844370891633
844370892017
844370892018
844370893027
844370893041
844370893411
844370894049
844370894050
844371018867
844371021043
844371021939
844371022947
844371023091
844371025123
844371677425
844371677426
844371808499
844371939569
844371939570
844372070643
844387405937
844387405938
844387408113
844387537011
844404183155
844404185331
844404445299
844437737713
844437737714
844437868787
844437999857
844907497587
844907499635
844907501667
844907501811
844907759731
844907761779
844907763811
845444370545
845444370546
845444372721
845444501619
850678857843
850808883323
850808885371
850810978419
850810978611
850810981619
850810982499
850813075507
850813077619
850813077623
850813077683
850813079667
850813079731
850813340787
850813340851
850813341747
850813342899
850814390451
850829856819
852687407219
852687407283
852687409267
852687409331
852692125811
852692125875
852692127859
852692127923
852692257907
852692257971
852692258867
852692259955
852692260019
852693307507
852693307571
852821622907
852821623027
852821623155
852821623219
852821625059
852821625075
852821627107
852821627123
852822149363
852822151411
852822153443
852825751667
852825817203
852825817267
852825817329
852825817331
852825827571
852825948259
852825948275
852825949427
852826275955
852826277987
852826280035
852826341459
852826341499
852826341619
852826341747
852826341811
852826343539
852826343603
852826343651
852826343665
852826343667
852826344691
852826345587
852826345651
852826345699
852826345713
852826345715
852826346739
852826351859
852826353907
852826355939
852826472563
852826472755
852826473595
852826473715
852826473843
852826473907
852826474595
852826474611
852826475747
852826475763
852826476643
852826476659
852826477795
852826477811
852826996979
852827392243
852827394291
852827521147
852827521267
852827521395
852827521459
852827523299
852827523315
852827525347
852827525363
852838400115
852838402147
852838404195
852842594355
852843118707
852843120739
852843120753
852843121905
852843122787
852843250803
852843252835
852843254883
852844169457
852844298355
852844302435
852888731891
852889256179
852889258211
852889260259
852893450355
852893450419
852893450481
852893450483
852893581411
852893581427
852893582579
852894630131
852953743483
852953743603
852953743731
852953743795
852953745515
852953745635
852953745651
852953745763
852953745827
852953747563
852953747683
852953747699
852953747811
852953747875
852953749731
852954269939
852954271987
852954274019
852955826291
852955826355
852955828339
852955828403
852955840571
852955840627
852955840633
852955840634
852955840635
852955840691
852955840819
852955842659
852955842675
852955842683
852955842723
852955842739
852955842747
852955842803
852955842807
852955842809
852955842811
852955842931
852955842995
852955843315
852955843827
852955844707
852955844723
852955844731
852955844771
852955844787
852955844795
852955844851
852955844855
852955844857
852955844859
852955844979
852955845043
852955845363
852955845875
852955846883
852955846887
852955846899
852955875571
852955877619
852955955259
852955971707
852955971899
852955972731
852955973739
852955973755
852955974907
852955975787
852955975803
852955976955
852956102779
852956104811
852956104819
852956104825
852956104883
852956105971
852956105977
852956106859
852956106867
852956106931
852956108019
852956108899
852956108963
852956110051
852956234875
852956236907
852956238955
852956364923
852956366955
852956366963
852956366969
852956366970
852956367027
852956367095
852956367099
852956367483
852956367603
852956367731
852956367795
852956368115
852956368121
852956368122
852956369003
852956369011
852956369017
852956369018
852956369075
852956369143
852956369147
852956369531
852956369651
852956369779
852956369843
852956370163
852956370169
852956370170
852956371043
852956371107
852956371175
852956371179
852956371187
852956371193
852956371683
852956371699
852956372195
852956399859
852956401907
852956403939
852956497019
852956498043
852956499051
852956499195
852956500091
852956501099
852956501243
852956502123
852956503275
852956891379
852956893427
852957020283
852957022459
852957024507
852957153523
852957153529
852957155571
852957157603
852957282427
852957286507
852957415667
852957415673
852957415674
852957417715
852957417721
852957417722
852957419747
852957544571
852957546603
852957546747
852957548651
852957548795
852957550827
852957872243
852957876323
852957937723
852957937779
852957937843
852957937905
852957937907
852957937971
852957938097
852957938099
852957940979
852957941859
852957941923
852957941939
852957941985
852957941987
852958070003
852958070195
852958074083
852958396531
852958398563
852958400611
852958462035
852958462075
852958462195
852958462323
852958462387
852958464107
852958464115
852958464121
852958464179
852958464227
852958464241
852958464243
852958464355
852958464369
852958464419
852958464433
852958465267
852958465273
852958465521
852958466115
852958466155
852958466163
852958466227
852958466275
852958466289
852958466291
852958466403
852958466467
852958466481
852958467315
852958468195
852958468259
852958468321
852958468323
852958468337
852958469347
852958472435
852958474483
852958476515
852958593139
852958593331
852958594171
852958594291
852958594419
852958594483
852958596203
852958596323
852958596339
852958596451
852958596515
852958597219
852958597235
852958597411
852958598251
852958598371
852958598387
852958598499
852958598563
852958600419
852959512819
852959512825
852959513073
852959514867
852959516899
852959641723
852959641843
852959641971
852959642035
852959645803
852959645923
852959645939
852959646051
852959646115
852959969331
852959971443
852959971507
852959973491
852959973555
852960034867
852960034929
852960034930
852960034931
852960034993
852960034994
852960034995
852960036979
852960036983
852960037043
852960037047
852960037105
852960037107
852960037109
852960039027
852960039091
852960039095
852960039153
852960039155
852960047283
852960049395
852960165947
852960166003
852960166007
852960166009
852960166011
852960166067
852960166195
852960166199
852960166515
852960167027
852960167091
852960169203
852960170083
852960170087
852960170099
852960170147
852960170163
852960171251
852960198771
852960231475
852960235555
852960297019
852960297075
852960297139
852960297267
852960300147
852960300211
852960300273
852960300275
852960301107
852960301155
852960301219
852960301233
852960301235
852960302259
852960309427
852960429115
852960429171
852960429235
852960429363
852960433251
852960433315
852960433331
852960493619
852960495651
852960495731
852960495737
852960495795
852960496243
852960497699
852960497779
852960497785
852960497843
852960498291
852960499811
852960499875
852960544883
852960544947
852960546931
852960546995
852960559123
852960559163
852960559219
852960559225
852960559226
852960559227
852960559283
852960559411
852960561203
852960561235
852960561251
852960561265
852960561266
852960561267
852960561271
852960561275
852960561277
852960561299
852960561315
852960561329
852960561330
852960561331
852960561335
852960561339
852960561395
852960561397
852960561399
852960561401
852960561403
852960561523
852960561525
852960561587
852960561589
852960561779
852960561843
852960561905
852960561907
852960562291
852960562355
852960562417
852960562418
852960562419
852960563251
852960563283
852960563299
852960563313
852960563314
852960563315
852960563319
852960563323
852960563347
852960563363
852960563377
852960563378
852960563379
852960563383
852960563387
852960563443
852960563445
852960563447
852960563449
852960563451
852960563571
852960563635
852960563637
852960563827
852960563891
852960563953
852960563955
852960564339
852960564403
852960564465
852960564466
852960564467
852960565351
852960565363
852960565415
852960565427
852960565475
852960565477
852960565479
852960565489
852960565491
852960565493
852960566515
852960569459
852960569465
852960569466
852960569523
852960571507
852960571571
852960573539
852960573603
852960573683
852960573689
852960574195
852960594035
852960594099
852960594161
852960594163
852960596083
852960596147
852960596209
852960596211
852960673851
852960676979
852960677043
852960677939
852960679027
852960679091
852960690227
852960690295
852960690299
852960690487
852960690491
852960690803
852960690995
852960691259
852960691315
852960691321
852960691322
852960691323
852960691379
852960691507
852960692283
852960692327
852960692331
852960692339
852960692343
852960692345
852960692347
852960692403
852960692519
852960692531
852960692835
852960692851
852960693347
852960693363
852960693371
852960693411
852960693427
852960693435
852960693491
852960693495
852960693497
852960693499
852960693619
852960693683
852960694003
852960694307
852960694323
852960694331
852960694375
852960694379
852960694387
852960694391
852960694393
852960694395
852960694451
852960694567
852960694579
852960694883
852960694899
852960695395
852960695411
852960695419
852960695459
852960695475
852960695483
852960695539
852960695543
852960695545
852960695547
852960695667
852960695731
852960696051
852960696419
852960696423
852960696435
852960696483
852960696499
852960697571
852960697575
852960697587
852960700539
852960702587
852960704619
852960723059
852960723251
852960725091
852960725107
852960726259
852960727139
852960727155
852960728307
852960821371
852960823403
852960823411
852960823417
852960823475
852960824563
852960824569
852960825451
852960825459
852960825523
852960826611
852960827491
852960827505
852960827555
852960827569
852960828643
852960828657
852960953467
852960955499
852960955507
852960955513
852960955571
852960956467
852960957547
852960957555
852960957619
852960959587
852960959651
852961218803
852961349811
852961609843
852961609907
852961609969
852961609970
852961609971
852961611891
852961611955
852961612017
852961612018
852961612019
852961614067
852961726579
852961726643
852961738811
852961738867
852961738873
852961738874
852961738875
852961738931
852961739059
852961740923
852961740987
852961741043
852961741047
852961741049
852961741051
852961741171
852961741235
852961741555
852961742067
852961742947
852961742963
852961742971
852961743011
852961743027
852961743035
852961743091
852961743095
852961743097
852961743099
852961743219
852961743283
852961743603
852961744115
852961745123
852961745127
852961745139
852961773811
852961775859
852961872115
852961872121
852961874163
852961876195
852961876209
852962001019
852962004211
852962004217
852962005099
852962005107
852962005171
852962006259
852962008291
852968949875
852968949939
852968951923
852968951987
852970520691
852970524771
852972617779
852972619891
852972619897
852972619955
852972620403
852972621859
852972621939
852972622003
852972622451
852972623971
852972624035
852973144691
852973146739
852973148771
852975239283
852975242481
852975243363
852975246561
852975371379
852975375459
852976816179
852976816305
852976816307
852976948403
852977336371
852977338483
852977338485
852977338489
852977338547
852977338931
852977338993
852977338995
852977339505
852977339506
852977339569
852977339570
852977340451
852977340465
852977340466
852977340531
852977340595
852977340979
852977341041
852977341043
852977341617
852977341618
852977342563
852977342565
852977342577
852977342627
852977342641
852977343729
852977371249
852977373297
852977468467
852977470579
852977470585
852977470643
852977471091
852977471539
852977472547
852977472627
852977472691
852977473139
852977474659
852977474723
852978389169
852978389170
852978391281
852978520179
852978520243
852978520691
852989921403
852989923451
852994115699
852994115763
852994117747
852994117811
853010894899
853020852467
853020856547
853021376755
853021378787
853021380835
853022949491
853022949555
853022951667
853022953715
853023080571
853023211635
853023211699
853023215715
853023215779
853023473779
853023473785
853023473786
853023473843
853023475811
853023475875
853023475955
853023475961
853023476467
853023477859
853023477923
853023478003
853023478009
853023478515
853023480035
853023604859
853023606891
853023608939
853025570931
853025570995
853025571057
853025571059
853025571249
853025575011
853025575075
853025575137
853025575139
853025703155
853025707235
853027668019
853027668081
853027668082
853027668083
853027668145
853027668146
853027668147
853027670131
853027670195
853027670257
853027670259
853027670261
853027672179
853027672243
853027672305
853027672307
853027799099
853027799155
853027799159
853027799161
853027799163
853027799219
853027799347
853027799667
853027800179
853027800243
853027802355
853027803235
853027803239
853027803251
853027803299
853027803315
853027804403
853027831923
853027930227
853027930291
853027933425
853027934307
853027934371
853027934385
853028062323
853028062387
853028066403
853028066467
853028851955
853044449457
853228996659
853228998707
853363212403
853363212595
853363214435
853363214451
853363215603
853363216483
853364263155
853492713595
853493237883
853493239931
853493241963
853495332979
853495333171
853495335011
853495335027
853495335203
853495336179
853495337059
853495337251
853495339107
853495340259
853496383731
853496387811
853496905779
853496907891
853496907955
853496910003
853497167923
853497171123
853497172003
853497415731
853497417779
853497430067
853497432099
853497432115
853497432123
853497432179
853497432183
853497432185
853497432187
853497432243
853497432371
853497432691
853497433203
853497433267
853497434147
853497434163
853497434171
853497434227
853497434291
853497434419
853497434739
853497435315
853497436259
853497436263
853497436275
853497436323
853497436339
853497437427
853497464947
853497466995
853497564283
853497694259
853497695347
853497695411
853497696307
853497697459
853497698339
853497699427
853497699491
853498480755
853498480819
853498482867
853498484979
853498611835
853498742899
853498742963
853498745011
853498746979
853498747043
853514209331
853514211379
853514213411
853564538931
853564541043
853564541107
853564543155
853564801075
853564805155
854029584499
854029584563
854029586547
854029586611
854034303091
854034303155
854034305139
854034305203
854034435187
854034435251
854034436147
854034437235
854034437299
854035484787
854035484851
854571173939
854571175987
857255528563
857255528627
857255530611
857255530675
861416278259
861416280307
861416407163
861548400883
861550497907
861550497971
861550500083
861550628987
861550629051
878596147443
878596149491
878596409587
878596411635
878596413667
878728270067
878728532211
878730367091
878730367155
878730369267
878730498171
878730500347
878730629235
878730629299
878730631411
878730631417
878730631923
878730760315
887181887739
887181889787
887186082035
887186084083
887186210939
887202859123
887202859187
887202861235
887313484027
887314008315
887314010363
887314012395
887315843195
887315843259
887315845307
887316105339
887316105403
887316107387
887316107451
887316109563
887318202491
887318202555
887318202611
887318202617
887318202619
887318202739
887318202803
887318204603
887318204659
887318204851
887318206691
887318206707
887318331515
887318331707
887318334715
887318335595
887320039603
887320299635
887320299699
887320301683
887320301747
887320303859
887320303863
887320428603
887320430715
887320430719
887320430779
887320432763
887320432827
887320561787
887320561851
887320563899
887320565875
887320565939
887320567027
887320693883
887320693947
887320694843
887320695995
887321614579
887321743547
887334981811
887337078835
887337080947
887337081011
887337209915
887387672755
887857432635
895775490291
895775622387
895905516275
895905518323
895905645179
895909712115
895909844211
895910234867
895910236915
895910363771
895910366963
895910367859
895910367923
895910369011
895911416563
896312361139
896446582963
896447105651
896447105715
896447107699
896447107763
910808399987
910808402163
910808404211
910940524787
910942621811
910942621875
910942623987
910942752891
910942884467
912821801587
912951165171
912951167203
912951169251
912953262323
912953266403
912955359347
912955359411
912955359473
912955359474
912955359475
912955361523
912955363571
912955490427
912955490547
912955490675
912955490739
912955491571
912955494627
912955494643
912955621619
912955625699
912955753715
912955757795
912955883763
912955885795
912955885809
912955885810
912955886323
912955887843
912955887857
912955887858
912955888371
912956014707
912956015475
912956015859
912956016883
912956017891
912956018787
912956018931
912956019939
912956020963
912957063411
912957067491
912989440243
912989442291
913022992625
913022992626
913023123699
913023127779
913083285747
913083289827
913085382771
913085382777
913085382778
913085382835
913085384947
913085384953
913085384954
913085385459
913085386851
913085386915
913085386995
913085387001
913085387002
913085387507
913085389027
913085513851
913085516027
913085517931
913085518075
913085520107
913085647603
913085649651
913085651683
913085909747
913085911795
913085913827
913087484147
913087484659
913088004339
913088006899
913088007153
913088008419
913088008433
913088008434
913088008947
913088009201
913088010979
913088136051
913088136435
913088139507
913088140131
913088140515
913089581171
913089581235
913089581297
913089581298
913089581299
913089583347
913089712251
913089712315
913089712371
913089712375
913089712377
913089712379
913089712499
913089712563
913089712883
913089713395
913089745139
913089843443
913089843827
913089843891
913089843953
913089843955
913089876209
913089975539
913089976051
913090101363
913090101369
913090101370
913090101427
913090103539
913090103541
913090103542
913090103545
913090103546
913090103923
913090103987
913090104049
913090104050
913090104051
913090104561
913090104562
913090105443
913090105457
913090105458
913090105507
913090105521
913090105522
913090105587
913090105589
913090105590
913090105593
913090105594
913090105971
913090106035
913090106097
913090106098
913090106099
913090106609
913090106610
913090107619
913090107621
913090107622
913090107633
913090107634
913090108147
913090136305
913090136306
913090138353
913090138354
913090220659
913090220723
913090232439
913090232443
913090232947
913090233139
913090233459
913090233465
913090233466
913090233523
913090234615
913090234619
913090235003
913090235123
913090235251
913090235315
913090235635
913090235641
913090235642
913090236147
913090236519
913090236523
913090236531
913090236537
913090236538
913090236595
913090236663
913090236667
913090237027
913090237043
913090237051
913090237171
913090237299
913090237363
913090237539
913090237603
913090237683
913090237689
913090237690
913090238195
913090238695
913090238699
913090238707
913090238713
913090239203
913090239219
913090239715
913090265203
913090267379
913090269283
913090269427
913090271459
913090366195
913090368243
913090370275
913090370289
913090498291
913090499187
913090500339
913090502371
913091154161
913091154162
913091285235
913091285241
913091285242
913091285747
913091547891
913106883185
913106883186
913106885361
913107014259
913121562867
913123659891
913123659955
913123662067
913123790971
913157214449
913157214450
913157345523
913157345529
913157346035
913157477105
913492232435
913492754547
913492756579
913492756723
913492758627
913492758771
913492760803
913624875123
913624877299
913624879203
913624879347
913624881379
913626452147
913626454259
913626714291
913626972211
913626974323
913626974329
913626974330
913626974387
913626974835
913626976291
913626976371
913626976435
913626976883
913626978403
913626978467
913626978547
913626978553
913626979059
913627105403
913627107451
913627109483
913627236979
913627239027
913627241059
914163978867
919530458355
919530459315
919532554359
919532554423
919532556471
921541099771
921541101811
921541103859
921541230715
921541231867
921542279419
921545228403
921545228467
921545294067
921545304307
921545425011
921545425075
921545426163
921545818363
921545820403
921545822451
921545949307
921545950459
921545951347
921545951411
921545952499
921545953395
921545953459
921545954547
921546473715
921546998011
921547000051
921547002099
921562071219
921562203315
921608208627
921612927219
921613058163
921613058227
921613059315
921614106867
921673220347
921673222379
921673222387
921673222393
921673224427
921673224435
921673226467
921673351291
921673352443
921673354475
921673355371
921673356523
921674399995
921674404075
921675317371
921675317435
921675319411
921675319475
921675319543
921675319547
921675319549
921675320051
921675320563
921675321459
921675321523
921675321591
921675321595
921675322099
921675322611
921675323623
921675323635
921675352307
921675354355
921675448379
921675448447
921675448955
921675449467
921675449531
921675450479
921675450491
921675450555
921675451643
921675452527
921675452539
921675452603
921675453691
921675481211
921675844347
921675846395
921675848435
921675975291
921675976443
921675977339
921675978491
921676368115
921676370163
921676497019
921676497083
921676499195
921676501243
921677023995
921677026043
921677348979
921677349043
921677353059
921677353123
921677414587
921677414643
921677414835
921677417715
921677418675
921677418723
921677546683
921677546739
921677546931
921677550819
921677938939
921677940971
921677940979
921677940985
921677943019
921677943027
921677945059
921677945073
921678069883
921678071035
921678073067
921678073075
921678073081
921678073963
921678073971
921678074035
921678075115
921678075123
921678077155
921679118587
921679122667
921679122675
921679446067
921679448179
921679448243
921679450227
921679450291
921679511667
921679511731
921679513719
921679513783
921679513843
921679513845
921679513847
921679515831
921679515891
921679524019
921679526131
921679577147
921679642687
921679642743
921679642747
921679642807
921679642811
921679642935
921679643251
921679643315
921679643763
921679643827
921679645939
921679645943
921679646823
921679646835
921679646887
921679646899
921679646903
921679647987
921679655099
921679675507
921679675571
921679773883
921679777011
921679777971
921679905979
921679910067
921679972979
921679973043
921679975027
921679975091
921680035963
921680036027
921680038003
921680038067
921680038135
921680038139
921680038141
921680038643
921680039155
921680040051
921680040115
921680040183
921680040187
921680040691
921680041203
921680042215
921680042227
921680042229
921680050931
921680070899
921680072947
921680166971
921680167039
921680167547
921680168059
921680168123
921680169071
921680169079
921680169083
921680169085
921680169143
921680169147
921680169587
921680169651
921680170099
921680170163
921680170231
921680170235
921680170237
921680170739
921680171059
921680171119
921680171127
921680171131
921680171191
921680171195
921680171635
921680171699
921680172147
921680172211
921680172279
921680172283
921680172787
921680173159
921680173171
921680173223
921680173235
921680174311
921680174323
921680177787
921680179835
921680199803
921680201843
921680201907
921680202995
921680203891
921680203955
921680205043
921680695539
921681086707
921681088755
921681215611
921681215675
921681217783
921681217787
921681217789
921681218291
921681218803
921681219699
921681219763
921681219831
921681219835
921681220339
921681220851
921681221863
921681221875
921681250547
921681252595
921692097139
921692097203
921692099187
921692099251
921696293043
921696425139
921696815731
921696815795
921696817779
921696817843
921696947827
921696947891
921696948787
921696949875
921696949939
921697997427
921697997491
921740329203
921740333283
921742426227
921742426291
921742428403
921742430451
921742557307
921742557371
921742953203
921742955251
921743082107
921745047795
921745051875
921745179891
921745183971
921747144819
921747144883
921747146995
921747146997
921747149043
921747275895
921747275899
921747275959
921747275963
921747276403
921747276467
921747276915
921747276979
921747279091
921747279975
921747279987
921747280039
921747280051
921747281139
921747308659
921747308723
921748328691
922082164915
922082691187
922082691251
922082692339
922082693299
922083739891
922149798067
922210093163
922212188219
922212190331
922212190395
922212192443
922212715131
922212717179
922214285491
922214289571
922214811755
922214811763
922214811827
922214812915
922214813875
922214815843
922214815907
922214816995
922214943851
922215860467
922215864547
922216382515
922216384627
922216384691
922216384695
922216386739
922216513595
922216647859
922216906811
922216908851
922216908919
922216908923
922216908983
922216908987
922216909427
922216909491
922216909939
922216910003
922216910899
922216911031
922216911035
922216911475
922216911539
922216912051
922216912999
922216913011
922216913063
922216913075
922216914163
922216941683
922216941747
922216943731
922216943795
922217038907
922217039931
922217041019
922217041083
922217041979
922217043131
922217957491
922217957555
922217959603
922217961715
922218086459
922218088571
922218088635
922218090683
922233686579
922233688627
922281918643
922281922723
922284015667
922284017779
922284017843
922284019891
922284146747
947315624179
947315626227
947315753083
947315755259
947315757307
947447746803
947447877883
947449843827
947449843891
947449846003
947449974907
947449974971
947449977083
947450108659
947450237563
956032960763
956037679355
956037683443
956037811451
956037812411
956039780599
956039907455
956039907519
956039909567
956574550203
964624990331
964629708923
964629712115
964629713011
964629713075
964629714163
964629841019
964630761715
981541146739
981675360627
981807481203
981807485283
981809058035
981809565811
981809565875
981809578099
981809578291
981809580155
981809580275
981809580403
981809580467
981809581299
981809582179
981809582195
981809582203
981809582323
981809582451
981809582515
981809583347
981809584355
981809584371
981809843443
981809844339
981809845491
981809847523
981810630899
981810893043
981826359411
981876691187
982883324019
990394794107
990395320443
990395321595
990395322491
990395323643
990396369147
990396371195
990398988403
990398988467
990399512699
990399514739
990399514803
990399515891
990399516787
990399516851
990399517939
990399522939
990399644795
990400563443
990400565491
990400692347
990416292979
990416293043
990416293939
990416295091
990417342643
990462427259
990466621555
990466621619
1050394312947
1050394839283
1050394841331
1050461946099
1050524336251
1050524338427
1050524340475
1050526961907
1050528534771
1050529054843
1050529057015
1050529057019
1050529057523
1050529058035
1050529058931
1050529058995
1050529059063
1050529059067
1050529059571
1050529060083
1050529061095
1050529061107
1050529089779
1050529091827
1050529186939
1050529189115
1050529190011
1050529191163
1050530107635
1050530238715
1050545836659
1050596167923
1051065927803
